2019-1-1	35165000	2019	1	1	11.808333333333334	62.395833333333336	0
2019-1-2	35165000	2019	1	2	11.891666666666667	61.67375	0
2019-1-3	35165000	2019	1	3	11.898333333333333	62.44583333333333	0
2019-1-4	35165000	2019	1	4	11.898333333333333	61.637499999999996	0
2019-1-5	35165000	2019	1	5	12.200833333333334	61.342083333333335	0
2019-1-6	35165000	2019	1	6	11.90125	61.45583333333333	0
2019-1-7	35165000	2019	1	7	11.809583333333332	62.739583333333336	0
2019-1-8	35165000	2019	1	8	11.855416666666667	61.34291666666667	0
2019-1-9	35165000	2019	1	9	11.825	62.60666666666667	0
2019-1-10	35165000	2019	1	10	11.862083333333333	61.39875	0
2019-1-11	35165000	2019	1	11	11.874166666666667	62.55625	0
2019-1-12	35165000	2019	1	12	11.8275	61.45458333333333	0
2019-1-13	35165000	2019	1	13	11.810833333333333	62.569583333333334	0
2019-1-14	35165000	2019	1	14	11.785416666666666	61.510416666666664	0
2019-1-15	35165000	2019	1	15	11.73025	62.579166666666666	0
2019-1-16	35165000	2019	1	16	11.773333333333333	61.52875	0
2019-1-17	35165000	2019	1	17	11.677416666666666	62.51	0
2019-1-18	35165000	2019	1	18	11.7575	61.468333333333334	0
2019-1-19	35165000	2019	1	19	11.692083333333333	62.42958333333333	0
2019-1-20	35165000	2019	1	20	11.775416666666667	61.356541666666665	0
2019-1-21	35165000	2019	1	21	11.70675	62.375416666666666	0
2019-1-22	35165000	2019	1	22	11.755833333333333	61.307375	0
2019-1-23	35165000	2019	1	23	11.721416666666666	62.38875	0
2019-1-24	35165000	2019	1	24	11.77	61.32570833333333	0
2019-1-25	35165000	2019	1	25	11.736083333333333	62.40208333333334	0
2019-1-26	35165000	2019	1	26	11.745541666666666	61.34404166666667	0
2019-1-27	35165000	2019	1	27	11.712125	62.415416666666665	0
2019-1-28	35165000	2019	1	28	11.716583333333332	61.3245	0
2019-1-29	35165000	2019	1	29	11.683666666666667	62.42875	0
2019-1-30	35165000	2019	1	30	11.72475	61.30045833333333	0
2019-1-31	35165000	2019	1	31	11.692333333333334	62.44208333333333	0
2019-2-1	35165000	2019	2	1	11.732916666666666	61.31279166666667	0
2019-2-2	35165000	2019	2	2	11.701	62.455416666666665	0
2019-2-3	35165000	2019	2	3	11.741083333333334	61.325125	0
2019-2-4	35165000	2019	2	4	11.709666666666667	62.46875	0
2019-2-5	35165000	2019	2	5	11.74925	61.33745833333334	0
2019-2-6	35165000	2019	2	6	11.718333333333334	62.482083333333335	0
2019-2-7	35165000	2019	2	7	11.757416666666666	61.34979166666667	0
2019-2-8	35165000	2019	2	8	11.727	62.495416666666664	0
2019-2-9	35165000	2019	2	9	11.765583333333334	61.362125	0
2019-2-10	35165000	2019	2	10	11.735666666666667	62.50875	0
2019-2-11	35165000	2019	2	11	11.77375	61.37445833333334	0
2019-2-12	35165000	2019	2	12	11.744333333333334	62.522083333333335	0
2019-2-13	35165000	2019	2	13	11.781916666666667	61.38679166666667	0
2019-2-14	35165000	2019	2	14	11.753	62.53541666666666	0
2019-2-15	35165000	2019	2	15	11.790083333333333	61.399125	0
2019-2-16	35165000	2019	2	16	11.761666666666667	62.54875	0
2019-2-17	35165000	2019	2	17	11.79825	61.411458333333336	0
2019-2-18	35165000	2019	2	18	11.770333333333333	62.562083333333334	0
2019-2-19	35165000	2019	2	19	11.806416666666667	61.34804166666667	0
2019-2-20	35165000	2019	2	20	11.779	62.57541666666667	0
2019-2-21	35165000	2019	2	21	11.814583333333333	61.357375	0
2019-2-22	35165000	2019	2	22	11.787666666666667	62.550875	0
2019-2-23	35165000	2019	2	23	11.82275	61.366708333333335	0
2019-2-24	35165000	2019	2	24	11.796333333333333	62.52408333333333	0
2019-2-25	35165000	2019	2	25	11.830916666666667	61.376041666666666	0
2019-2-26	35165000	2019	2	26	11.805	62.534416666666665	0
2019-2-27	35165000	2019	2	27	11.839083333333333	61.385375	0
2019-2-28	35165000	2019	2	28	11.813666666666666	62.54475	0
2019-3-1	35165000	2019	3	1	11.847249999999999	61.394708333333334	0
2019-3-2	35165000	2019	3	2	11.822333333333333	62.555083333333336	0
2019-3-3	35165000	2019	3	3	11.855416666666667	61.404041666666664	0
2019-3-4	35165000	2019	3	4	11.831	62.565416666666664	0
2019-3-5	35165000	2019	3	5	11.863583333333333	61.413375	0
2019-3-6	35165000	2019	3	6	11.839666666666666	62.57575	0
2019-3-7	35165000	2019	3	7	11.87175	61.42270833333333	0
2019-3-8	35165000	2019	3	8	11.848333333333333	62.586083333333335	0
2019-3-9	35165000	2019	3	9	11.879916666666666	61.43204166666666	0
2019-3-10	35165000	2019	3	10	11.857	62.59641666666667	0
2019-3-11	35165000	2019	3	11	11.888083333333334	61.441375	0
2019-3-12	35165000	2019	3	12	11.865666666666666	62.60675	0
2019-3-13	35165000	2019	3	13	11.89625	61.45070833333333	0
2019-3-14	35165000	2019	3	14	11.874333333333333	62.61708333333333	0
2019-3-15	35165000	2019	3	15	11.904416666666666	61.46004166666667	0
2019-3-16	35165000	2019	3	16	11.883	62.62741666666667	0
2019-3-17	35165000	2019	3	17	11.912583333333334	61.469375	0
2019-3-18	35165000	2019	3	18	11.891666666666667	62.63775	0
2019-3-19	35165000	2019	3	19	11.92075	61.47870833333333	0
2019-3-20	35165000	2019	3	20	11.900333333333334	62.64808333333333	0
2019-3-21	35165000	2019	3	21	11.928916666666666	61.48804166666667	0
2019-3-22	35165000	2019	3	22	11.909	62.65841666666667	0
2019-3-23	35165000	2019	3	23	11.937083333333334	61.497375	0
2019-3-24	35165000	2019	3	24	11.917666666666667	62.66875	0
2019-3-25	35165000	2019	3	25	11.94525	61.506708333333336	0
2019-3-26	35165000	2019	3	26	11.926333333333334	62.67908333333333	0
2019-3-27	35165000	2019	3	27	11.953416666666667	61.516041666666666	0
2019-3-28	35165000	2019	3	28	11.935	62.689416666666666	0
2019-3-29	35165000	2019	3	29	11.961583333333333	61.525375000000004	0
2019-3-30	35165000	2019	3	30	11.943666666666667	62.69975	0
2019-3-31	35165000	2019	3	31	11.96975	61.534708333333334	0
2019-4-1	35165000	2019	4	1	11.952333333333334	62.71008333333333	0
2019-4-2	35165000	2019	4	2	11.977916666666667	61.544041666666665	0
2019-4-3	35165000	2019	4	3	11.961	62.720416666666665	0
2019-4-4	35165000	2019	4	4	11.986083333333333	61.553375	0
2019-4-5	35165000	2019	4	5	11.969666666666667	62.73075	0
2019-4-6	35165000	2019	4	6	11.99425	61.56270833333333	0
2019-4-7	35165000	2019	4	7	11.865458333333333	62.665708333333335	0
2019-4-8	35165000	2019	4	8	11.889541666666666	61.572041666666664	0
2019-4-9	35165000	2019	4	9	11.834	62.67454166666667	0
2019-4-10	35165000	2019	4	10	11.857583333333334	61.581375	0
2019-4-11	35165000	2019	4	11	11.839666666666666	62.683375	0
2019-4-12	35165000	2019	4	12	11.86275	61.59070833333333	0
2019-4-13	35165000	2019	4	13	11.845333333333333	62.69220833333333	0
2019-4-14	35165000	2019	4	14	11.867916666666666	61.60004166666667	0
2019-4-15	35165000	2019	4	15	11.851	62.70104166666667	0
2019-4-16	35165000	2019	4	16	11.873083333333334	61.609375	0
2019-4-17	35165000	2019	4	17	11.856666666666667	62.709875000000004	0
2019-4-18	35165000	2019	4	18	11.87825	61.61870833333334	0
2019-4-19	35165000	2019	4	19	11.862333333333334	62.71870833333333	0
2019-4-20	35165000	2019	4	20	11.883416666666667	61.62804166666667	0
2019-4-21	35165000	2019	4	21	11.868	62.72754166666667	0
2019-4-22	35165000	2019	4	22	11.888583333333333	61.637375	0
2019-4-23	35165000	2019	4	23	11.873666666666667	62.736375	0
2019-4-24	35165000	2019	4	24	11.89375	61.64670833333333	0
2019-4-25	35165000	2019	4	25	11.879333333333333	62.74520833333333	0
2019-4-26	35165000	2019	4	26	11.898916666666667	61.65604166666667	0
2019-4-27	35165000	2019	4	27	11.885	62.754041666666666	0
2019-4-28	35165000	2019	4	28	11.904083333333332	61.665375	0
2019-4-29	35165000	2019	4	29	11.890666666666666	62.762875	0
2019-4-30	35165000	2019	4	30	11.90925	61.674708333333335	0
2019-5-1	35165000	2019	5	1	11.896333333333333	62.771708333333336	0
2019-5-2	35165000	2019	5	2	11.914416666666666	61.684041666666666	0
2019-5-3	35165000	2019	5	3	11.902	62.780541666666664	0
2019-5-4	35165000	2019	5	4	11.919583333333334	61.693375	0
2019-5-5	35165000	2019	5	5	11.907666666666668	62.789375	0
2019-5-6	35165000	2019	5	6	11.92475	61.702708333333334	0
2019-5-7	35165000	2019	5	7	11.838033333333334	62.798208333333335	0
2019-5-8	35165000	2019	5	8	11.929916666666667	61.712041666666664	0
2019-5-9	35165000	2019	5	9	11.8425	62.80704166666666	0
2019-5-10	35165000	2019	5	10	11.935083333333333	61.721375	0
2019-5-11	35165000	2019	5	11	11.846966666666667	62.815875	0
2019-5-12	35165000	2019	5	12	11.94025	61.73070833333333	0
2019-5-13	35165000	2019	5	13	11.851433333333333	62.824708333333334	0
2019-5-14	35165000	2019	5	14	11.945416666666667	61.74004166666667	0
2019-5-15	35165000	2019	5	15	11.8559	62.83354166666667	0
2019-5-16	35165000	2019	5	16	11.950583333333334	61.749375	0
2019-5-17	35165000	2019	5	17	11.860366666666666	62.842375000000004	0
2019-5-18	35165000	2019	5	18	11.95575	61.75870833333333	0
2019-5-19	35165000	2019	5	19	11.864833333333333	62.85120833333333	0
2019-5-20	35165000	2019	5	20	11.960916666666666	61.76804166666667	0
2019-5-21	35165000	2019	5	21	11.869299999999999	62.86004166666667	0
2019-5-22	35165000	2019	5	22	11.966083333333334	61.777375	0
2019-5-23	35165000	2019	5	23	11.873766666666667	62.868875	0
2019-5-24	35165000	2019	5	24	11.97125	61.78670833333333	0
2019-5-25	35165000	2019	5	25	11.878233333333334	62.87770833333333	0
2019-5-26	35165000	2019	5	26	11.976416666666667	61.79604166666667	0
2019-5-27	35165000	2019	5	27	11.8827	62.886541666666666	0
2019-5-28	35165000	2019	5	28	11.981583333333333	61.805375	0
2019-5-29	35165000	2019	5	29	11.887166666666667	62.895375	0
2019-5-30	35165000	2019	5	30	11.98675	61.814708333333336	0
2019-5-31	35165000	2019	5	31	11.891633333333333	62.90420833333334	0
2019-6-1	35165000	2019	6	1	11.991916666666667	61.824041666666666	0
2019-6-2	35165000	2019	6	2	11.8961	62.913041666666665	0
2019-6-3	35165000	2019	6	3	11.997083333333334	61.833375000000004	0
2019-6-4	35165000	2019	6	4	11.900566666666666	62.921875	0
2019-6-5	35165000	2019	6	5	12.00225	61.842708333333334	0
2019-6-6	35165000	2019	6	6	11.905033333333334	62.930708333333335	0
2019-6-7	35165000	2019	6	7	12.007416666666666	61.852041666666665	0
2019-6-8	35165000	2019	6	8	11.9095	62.93954166666667	0
2019-6-9	35165000	2019	6	9	12.012583333333334	61.861375	0
2019-6-10	35165000	2019	6	10	11.913966666666667	62.948375	0
2019-6-11	35165000	2019	6	11	12.01775	61.87070833333333	0
2019-6-12	35165000	2019	6	12	11.918433333333333	62.957208333333334	0
2019-6-13	35165000	2019	6	13	12.022916666666667	61.88004166666666	0
2019-6-14	35165000	2019	6	14	11.9229	62.96604166666667	0
2019-6-15	35165000	2019	6	15	12.028083333333333	61.889375	0
2019-6-16	35165000	2019	6	16	11.927366666666666	62.974875	0
2019-6-17	35165000	2019	6	17	12.03325	61.89870833333333	0
2019-6-18	35165000	2019	6	18	11.931833333333334	62.98370833333333	0
2019-6-19	35165000	2019	6	19	12.038416666666667	61.90804166666667	0
2019-6-20	35165000	2019	6	20	11.9363	62.99254166666667	0
2019-6-21	35165000	2019	6	21	12.043583333333334	61.917375	0
2019-6-22	35165000	2019	6	22	11.940766666666667	63.001375	0
2019-6-23	35165000	2019	6	23	12.04875	61.92670833333334	0
2019-6-24	35165000	2019	6	24	11.945233333333334	63.01020833333333	0
2019-6-25	35165000	2019	6	25	12.053916666666666	61.93604166666667	0
2019-6-26	35165000	2019	6	26	11.9497	63.019041666666666	0
2019-6-27	35165000	2019	6	27	12.059083333333334	61.945375	0
2019-6-28	35165000	2019	6	28	11.954166666666667	63.027875	0
2019-6-29	35165000	2019	6	29	12.06425	61.954708333333336	0
2019-6-30	35165000	2019	6	30	11.958633333333333	63.03670833333333	0
2019-7-1	35165000	2019	7	1	12.069416666666667	61.85154166666667	0
2019-7-2	35165000	2019	7	2	11.9631	63.008041666666664	0
2019-7-3	35165000	2019	7	3	12.037083333333333	61.78475	0
2019-7-4	35165000	2019	7	4	11.892566666666667	62.9415	0
2019-7-5	35165000	2019	7	5	11.966875	61.75470833333333	0
2019-7-6	35165000	2019	7	6	11.896283333333333	62.94920833333333	0
2019-7-7	35165000	2019	7	7	11.970916666666668	61.61179166666667	0
2019-7-8	35165000	2019	7	8	11.9	62.806916666666666	0
2019-7-9	35165000	2019	7	9	11.974958333333333	61.617375	0
2019-7-10	35165000	2019	7	10	11.903716666666666	62.700625	0
2019-7-11	35165000	2019	7	11	11.904	61.62295833333333	0
2019-7-12	35165000	2019	7	12	11.794933333333333	62.66820833333333	0
2019-7-13	35165000	2019	7	13	11.832291666666666	61.62854166666666	0
2019-7-14	35165000	2019	7	14	11.760025	62.635416666666664	0
2019-7-15	35165000	2019	7	15	11.797333333333334	61.596625	0
2019-7-16	35165000	2019	7	16	11.687241666666667	62.527249999999995	0
2019-7-17	35165000	2019	7	17	11.762	61.489333333333335	0
2019-7-18	35165000	2019	7	18	11.688708333333333	62.41795833333333	0
2019-7-19	35165000	2019	7	19	11.763791666666666	61.343154166666665	0
2019-7-20	35165000	2019	7	20	11.690175	62.34504166666667	0
2019-7-21	35165000	2019	7	21	11.728083333333334	61.270737499999996	0
2019-7-22	35165000	2019	7	22	11.691641666666667	62.346375	0
2019-7-23	35165000	2019	7	23	11.7295	61.27257083333333	0
2019-7-24	35165000	2019	7	24	11.693108333333333	62.34770833333333	0
2019-7-25	35165000	2019	7	25	11.730916666666667	61.27440416666666	0
2019-7-26	35165000	2019	7	26	11.694575	62.349041666666665	0
2019-7-27	35165000	2019	7	27	11.732333333333333	61.2762375	0
2019-7-28	35165000	2019	7	28	11.696041666666666	62.350375	0
2019-7-29	35165000	2019	7	29	11.73375	61.27807083333333	0
2019-7-30	35165000	2019	7	30	11.697508333333333	62.351708333333335	0
2019-7-31	35165000	2019	7	31	11.735166666666666	61.27990416666667	0
2019-8-1	35165000	2019	8	1	11.698975	62.35304166666667	0
2019-8-2	35165000	2019	8	2	11.736583333333334	61.2817375	0
2019-8-3	35165000	2019	8	3	11.700441666666666	62.354375	0
2019-8-4	35165000	2019	8	4	11.738	61.283570833333336	0
2019-8-5	35165000	2019	8	5	11.701908333333334	62.35570833333333	0
2019-8-6	35165000	2019	8	6	11.739416666666667	61.285404166666666	0
2019-8-7	35165000	2019	8	7	11.703375	62.35704166666667	0
2019-8-8	35165000	2019	8	8	11.740833333333333	61.287237499999996	0
2019-8-9	35165000	2019	8	9	11.704841666666667	62.358375	0
2019-8-10	35165000	2019	8	10	11.74225	61.289070833333334	0
2019-8-11	35165000	2019	8	11	11.706308333333332	62.35970833333333	0
2019-8-12	35165000	2019	8	12	11.743666666666666	61.290904166666664	0
2019-8-13	35165000	2019	8	13	11.707775	62.361041666666665	0
2019-8-14	35165000	2019	8	14	11.745083333333334	61.2927375	0
2019-8-15	35165000	2019	8	15	11.709241666666667	62.362375	0
2019-8-16	35165000	2019	8	16	11.7465	61.29457083333333	0
2019-8-17	35165000	2019	8	17	11.710708333333333	62.363708333333335	0
2019-8-18	35165000	2019	8	18	11.747916666666667	61.29640416666667	0
2019-8-19	35165000	2019	8	19	11.712175	62.36504166666667	0
2019-8-20	35165000	2019	8	20	11.749333333333333	61.2982375	0
2019-8-21	35165000	2019	8	21	11.713641666666666	62.366375	0
2019-8-22	35165000	2019	8	22	11.75075	61.300070833333336	0
2019-8-23	35165000	2019	8	23	11.715108333333333	62.36770833333333	0
2019-8-24	35165000	2019	8	24	11.752166666666668	61.30190416666667	0
2019-8-25	35165000	2019	8	25	11.716575	62.36904166666667	0
2019-8-26	35165000	2019	8	26	11.753583333333333	61.3037375	0
2019-8-27	35165000	2019	8	27	11.718041666666666	62.370375	0
2019-8-28	35165000	2019	8	28	11.755	61.305570833333334	0
2019-8-29	35165000	2019	8	29	11.719508333333334	62.37170833333333	0
2019-8-30	35165000	2019	8	30	11.756416666666667	61.307404166666664	0
2019-8-31	35165000	2019	8	31	11.720975	62.373041666666666	0
2019-9-1	35165000	2019	9	1	11.757833333333334	61.3092375	0
2019-9-2	35165000	2019	9	2	11.722441666666667	62.374375	0
2019-9-3	35165000	2019	9	3	11.75925	61.31107083333333	0
2019-9-4	35165000	2019	9	4	11.723908333333334	62.375708333333336	0
2019-9-5	35165000	2019	9	5	11.760666666666667	61.31290416666667	0
2019-9-6	35165000	2019	9	6	11.725375	62.37704166666667	0
2019-9-7	35165000	2019	9	7	11.762083333333333	61.3147375	0
2019-9-8	35165000	2019	9	8	11.726841666666667	62.378375	0
2019-9-9	35165000	2019	9	9	11.688125	61.31657083333333	0
2019-9-10	35165000	2019	9	10	11.652933333333333	62.37970833333333	0
2019-9-11	35165000	2019	9	11	11.688941666666667	61.243179166666664	0
2019-9-12	35165000	2019	9	12	11.6538	62.38104166666667	0
2019-9-13	35165000	2019	9	13	11.689758333333334	61.2444125	0
2019-9-14	35165000	2019	9	14	11.654666666666667	62.382375	0
2019-9-15	35165000	2019	9	15	11.690574999999999	61.245645833333334	0
2019-9-16	35165000	2019	9	16	11.655533333333333	62.38370833333333	0
2019-9-17	35165000	2019	9	17	11.691391666666666	61.246879166666666	0
2019-9-18	35165000	2019	9	18	11.6564	62.385041666666666	0
2019-9-19	35165000	2019	9	19	11.692208333333333	61.2481125	0
2019-9-20	35165000	2019	9	20	11.657266666666667	62.386375	0
2019-9-21	35165000	2019	9	21	11.693025	61.24934583333334	0
2019-9-22	35165000	2019	9	22	11.658133333333334	62.387708333333336	0
2019-9-23	35165000	2019	9	23	11.693841666666666	61.25057916666667	0
2019-9-24	35165000	2019	9	24	11.659	62.38904166666667	0
2019-9-25	35165000	2019	9	25	11.694658333333333	61.2518125	0
2019-9-26	35165000	2019	9	26	11.659866666666666	62.390375	0
2019-9-27	35165000	2019	9	27	11.695475	61.25304583333333	0
2019-9-28	35165000	2019	9	28	11.660733333333333	62.391708333333334	0
2019-9-29	35165000	2019	9	29	11.696291666666667	61.25427916666667	0
2019-9-30	35165000	2019	9	30	11.6616	62.39304166666667	0
2019-10-1	35165000	2019	10	1	11.697108333333333	61.2555125	0
2019-10-2	35165000	2019	10	2	11.662466666666667	62.394375000000004	0
2019-10-3	35165000	2019	10	3	11.697925	61.25674583333333	0
2019-10-4	35165000	2019	10	4	11.663333333333334	62.39570833333333	0
2019-10-5	35165000	2019	10	5	11.698741666666667	61.257979166666665	0
2019-10-6	35165000	2019	10	6	11.6642	62.39704166666667	0
2019-10-7	35165000	2019	10	7	11.699558333333334	61.2592125	0
2019-10-8	35165000	2019	10	8	11.665066666666666	62.398375	0
2019-10-9	35165000	2019	10	9	11.700375	61.260445833333335	0
2019-10-10	35165000	2019	10	10	11.665933333333333	62.399708333333336	0
2019-10-11	35165000	2019	10	11	11.701191666666666	61.26167916666667	0
2019-10-12	35165000	2019	10	12	11.6668	62.401041666666664	0
2019-10-13	35165000	2019	10	13	11.702008333333334	61.2629125	0
2019-10-14	35165000	2019	10	14	11.667666666666667	62.402375	0
2019-10-15	35165000	2019	10	15	11.702825	61.26414583333333	0
2019-10-16	35165000	2019	10	16	11.668533333333333	62.403708333333334	0
2019-10-17	35165000	2019	10	17	11.703641666666666	61.26537916666667	0
2019-10-18	35165000	2019	10	18	11.6694	62.40504166666667	0
2019-10-19	35165000	2019	10	19	11.704458333333333	61.2666125	0
2019-10-20	35165000	2019	10	20	11.670266666666667	62.406375000000004	0
2019-10-21	35165000	2019	10	21	11.705275	61.26784583333333	0
2019-10-22	35165000	2019	10	22	11.671133333333334	62.40770833333333	0
2019-10-23	35165000	2019	10	23	11.706091666666667	61.269079166666664	0
2019-10-24	35165000	2019	10	24	11.672	62.40904166666667	0
2019-10-25	35165000	2019	10	25	11.706908333333333	61.2703125	0
2019-10-26	35165000	2019	10	26	11.672866666666666	62.410375	0
2019-10-27	35165000	2019	10	27	11.707725	61.271545833333334	0
2019-10-28	35165000	2019	10	28	11.673733333333333	62.41170833333334	0
2019-10-29	35165000	2019	10	29	11.708541666666667	61.272779166666666	0
2019-10-30	35165000	2019	10	30	11.6746	62.413041666666665	0
2019-10-31	35165000	2019	10	31	11.709358333333332	61.2740125	0
2019-11-1	35165000	2019	11	1	11.675466666666667	62.414375	0
2019-11-2	35165000	2019	11	2	11.710175	61.27524583333334	0
2019-11-3	35165000	2019	11	3	11.676333333333334	62.415708333333335	0
2019-11-4	35165000	2019	11	4	11.710991666666667	61.27647916666667	0
2019-11-5	35165000	2019	11	5	11.6772	62.41704166666667	0
2019-11-6	35165000	2019	11	6	11.711808333333334	61.2777125	0
2019-11-7	35165000	2019	11	7	11.678066666666666	62.418375	0
2019-11-8	35165000	2019	11	8	11.712625000000001	61.27894583333333	0
2019-11-9	35165000	2019	11	9	11.678933333333333	62.41970833333333	0
2019-11-10	35165000	2019	11	10	11.713441666666666	61.28017916666666	0
2019-11-11	35165000	2019	11	11	11.6798	62.42104166666667	0
2019-11-12	35165000	2019	11	12	11.714258333333333	61.2814125	0
2019-11-13	35165000	2019	11	13	11.680666666666667	62.422375	0
2019-11-14	35165000	2019	11	14	11.715075	61.28264583333333	0
2019-11-15	35165000	2019	11	15	11.681533333333334	62.42370833333334	0
2019-11-16	35165000	2019	11	16	11.715891666666666	61.283879166666665	0
2019-11-17	35165000	2019	11	17	11.6824	62.425041666666665	0
2019-11-18	35165000	2019	11	18	11.716708333333333	61.2851125	0
2019-11-19	35165000	2019	11	19	11.683266666666666	62.426375	0
2019-11-20	35165000	2019	11	20	11.717525	61.286345833333336	0
2019-11-21	35165000	2019	11	21	11.684133333333333	62.427708333333335	0
2019-11-22	35165000	2019	11	22	11.718341666666667	61.28757916666667	0
2019-11-23	35165000	2019	11	23	11.685	62.42904166666667	0
2019-11-24	35165000	2019	11	24	11.719158333333333	61.2888125	0
2019-11-25	35165000	2019	11	25	11.685866666666666	62.430375	0
2019-11-26	35165000	2019	11	26	11.719975	61.29004583333333	0
2019-11-27	35165000	2019	11	27	11.686733333333333	62.43170833333333	0
2019-11-28	35165000	2019	11	28	11.720791666666667	61.29127916666667	0
2019-11-29	35165000	2019	11	29	11.6876	62.43304166666667	0
2019-11-30	35165000	2019	11	30	11.721608333333334	61.2925125	0
2019-12-1	35165000	2019	12	1	11.688466666666667	62.434375	0
2019-12-2	35165000	2019	12	2	11.722425	61.29374583333333	0
2019-12-3	35165000	2019	12	3	11.689333333333334	62.43570833333333	0
2019-12-4	35165000	2019	12	4	11.723241666666667	61.294979166666664	0
2019-12-5	35165000	2019	12	5	11.6902	62.437041666666666	0
2019-12-6	35165000	2019	12	6	11.724058333333334	61.2962125	0
2019-12-7	35165000	2019	12	7	11.691066666666666	62.438375	0
2019-12-8	35165000	2019	12	8	11.724875	61.297445833333335	0
2019-12-9	35165000	2019	12	9	11.691933333333333	62.439708333333336	0
2019-12-10	35165000	2019	12	10	11.725691666666666	61.298679166666666	0
2019-12-11	35165000	2019	12	11	11.6928	62.44104166666667	0
2019-12-12	35165000	2019	12	12	11.726508333333333	61.2999125	0
2019-12-13	35165000	2019	12	13	11.693666666666667	62.442375	0
2019-12-14	35165000	2019	12	14	11.727325	61.30114583333334	0
2019-12-15	35165000	2019	12	15	11.694533333333334	62.44370833333333	0
2019-12-16	35165000	2019	12	16	11.728141666666668	61.30237916666667	0
2019-12-17	35165000	2019	12	17	11.6954	62.44504166666667	0
2019-12-18	35165000	2019	12	18	11.728958333333333	61.3036125	0
2019-12-19	35165000	2019	12	19	11.696266666666666	62.446375	0
2019-12-20	35165000	2019	12	20	11.729775	61.30484583333333	0
2019-12-21	35165000	2019	12	21	11.697133333333333	62.44770833333333	0
2019-12-22	35165000	2019	12	22	11.730591666666667	61.30607916666667	0
2019-12-23	35165000	2019	12	23	11.698	62.449041666666666	0
2019-12-24	35165000	2019	12	24	11.731408333333333	61.3073125	0
2019-12-25	35165000	2019	12	25	11.698866666666667	62.450375	0
2019-12-26	35165000	2019	12	26	11.732225	61.30854583333333	0
2019-12-27	35165000	2019	12	27	11.699733333333333	62.451708333333336	0
2019-12-28	35165000	2019	12	28	11.733041666666667	61.309779166666665	0
2019-12-29	35165000	2019	12	29	11.7006	62.453041666666664	0
2019-12-30	35165000	2019	12	30	11.733858333333334	61.3110125	0
